815
804 603
268 595
681 97
765 769
269 39
94 280
85 518
80 98
814 610
378 449
641 406
312 69
695 674
529 282
170 362
399 128
458 425
709 517
598 202
49 56
124 680
532 236
147 155
19 10
16 180
473 613
360 272
413 433
778 742
67 189
26 371
234 432
118 742
401 446
23 18
88 2
456 394
611 722
469 699
148 214
142 78
770 126
181 656
5 536
53 18
464 480
123 52
138 765
677 311
723 665
31 250
265 54
125 377
472 470
6 2
105 127
44 49
106 455
266 150
255 437
467 599
185 505
702 179
4 37
579 62
1 708
662 650
238 66
2 391
38 55
209 36
440 61
114 580
740 53
768 636
429 329
25 13
272 325
669 748
645 328
190 73
367 127
281 287
461 629
384 664
301 686
714 595
168 278
497 39
194 701
152 261
102 185
660 715
19 90
337 393
18 14
573 491
38 96
617 603
431 303
101 7
159 227
416 322
283 156
442 476
162 85
767 438
47 224
168 619
308 234
517 67
94 139
70 72
334 73
235 100
373 257
616 777
495 423
34 394
637 424
86 104
135 442
646 625
490 78
166 624
716 85
59 445
15 50
676 128
55 80
70 6
18 550
257 70
476 528
343 308
57 76
44 137
48 30
733 569
38 29
615 103
108 378
755 783
540 144
60 94
738 756
508 211
635 203
322 73
572 334
324 235
2 3
81 253
792 361
325 366
361 171
667 679
751 656
151 29
609 382
644 145
348 192
220 385
383 507
721 407
418 370
467 264
600 65
295 481
82 86
737 284
395 269
143 34
37 54
764 188
69 812
35 19
333 9
21 51
35 135
299 199
177 787
372 177
69 124
415 127
8 2
627 639
349 311
640 93
605 189
758 38
684 668
131 203
606 711
77 388
135 771
316 169
511 232
44 450
146 359
25 218
215 304
560 289
172 202
60 114
415 682
259 252
20 11
732 590
126 556
66 179
93 718
380 121
117 114
496 447
562 106
430 210
520 657
524 29
146 68
464 703
283 376
697 245
452 5
30 176
730 393
118 48
92 144
165 356
5 34
523 741
603 348
39 11
95 88
760 691
444 287
330 200
484 488
89 683
538 652
602 295
530 349
558 538
10 547
587 487
301 90
400 700
175 59
157 49
272 457
3 800
256 74
37 215
265 569
276 277
241 44
454 734
41 297
610 489
360 438
68 422
140 196
519 486
236 293
612 154
50 126
23 193
77 74
69 691
793 689
52 87
237 222
24 5
554 161
127 355
296 99
131 121
39 451
384 169
45 647
567 364
719 795
31 18
173 19
370 369
226 158
116 553
233 3
281 276
164 152
802 165
82 11
339 512
73 685
174 69
42 41
32 454
61 28
405 126
39 571
738 516
24 40
369 413
623 195
535 117
104 154
339 70
79 141
69 18
332 71
40 64
427 515
163 386
4 7
801 296
96 276
1 62
282 217
201 474
688 75
453 521
9 41
102 10
790 455
229 111
674 2
29 68
392 358
428 389
126 543
237 249
115 462
746 234
244 32
351 155
140 570
326 221
417 49
503 498
527 608
34 398
1 2
813 145
110 32
230 340
184 183
191 412
538 117
500 46
211 18
163 421
360 585
577 402
19 383
55 99
745 37
274 29
187 341
21 363
187 275
368 187
762 654
36 78
70 557
650 459
307 353
109 30
482 604
216 40
576 72
799 181
261 311
724 208
26 633
361 516
187 113
99 198
713 546
480 638
487 282
387 76
331 268
91 103
19 121
594 281
401 152
22 75
152 118
365 465
279 477
513 87
390 123
444 660
302 252
384 531
404 385
25 130
160 45
109 170
698 27
88 106
336 61
219 208
258 220
251 89
71 59
102 555
422 493
169 11
168 588
82 621
115 705
12 44
317 102
29 20
163 310
177 139
671 781
418 614
561 49
578 654
172 546
319 169
592 416
45 34
127 208
323 28
447 729
129 136
441 189
167 807
533 115
166 601
158 492
3 15
209 347
40 498
15 17
574 465
5 225
292 45
95 661
132 534
423 411
175 220
218 271
418 527
666 543
136 763
313 228
665 354
174 510
28 6
590 106
43 24
725 115
552 102
459 444
736 620
229 435
565 95
81 779
16 522
289 64
328 238
350 596
373 559
719 717
14 10
583 291
402 49
509 692
234 90
181 21
775 45
232 89
166 425
2 4
95 129
132 335
20 60
50 116
101 291
601 798
50 230
58 53
164 337
337 606
1 545
649 405
809 739
464 8
76 165
264 375
91 707
206 13
239 137
526 236
706 384
30 32
549 234
11 300
655 341
447 47
406 247
634 419
754 631
670 263
182 177
427 586
9 10
808 776
774 403
4 591
267 202
544 10
47 39
815 226
491 352
424 356
642 265
115 38
773 579
42 153
354 115
658 186
571 631
159 53
499 240
110 290
273 238
116 149
189 213
806 258
776 345
675 141
195 210
358 86
327 727
426 468
63 43
466 457
236 49
63 65
92 81
536 739
36 91
791 326
279 166
483 25
108 34
76 167
320 439
728 131
428 749
796 169
182 525
166 780
357 27
242 239
207 126
761 11
7 16
243 33
8 140
551 346
34 52
223 216
485 371
192 426
618 161
273 389
403 18
293 453
320 34
31 59
14 731
284 49
511 669
150 57
382 273
4 21
194 183
197 145
126 663
514 620
315 142
265 365
248 195
321 42
369 137
338 1
803 83
350 18
411 257
111 68
327 307
217 98
36 158
144 766
131 482
128 56
258 298
156 789
755 470
47 97
479 126
117 268
514 445
584 222
397 70
159 648
696 19
797 735
420 124
67 37
3 364
134 171
210 484
53 85
27 24
32 205
63 212
448 408
195 400
489 784
541 395
3 5
135 195
172 460
690 65
36 30
177 342
22 15
98 245
566 322
100 720
12 11
694 68
83 66
346 73
743 248
113 109
204 108
501 114
323 419
489 187
254 37
381 632
199 68
179 772
57 23
410 704
566 805
200 344
60 166
148 105
656 667
24 443
578 59
85 329
143 192
132 2
285 636
113 568
1 759
494 330
222 9
166 201
178 57
408 35
625 499
563 317
105 70
249 794
41 260
129 168
643 408
17 161
50 231
455 509
112 13
210 810
182 285
75 263
314 17
114 270
593 120
567 693
1 93
171 200
555 678
470 227
155 288
352 374
262 53
340 757
529 626
119 86
252 250
651 313
473 126
102 172
91 597
255 57
426 502
367 427
247 193
241 687
653 157
188 176
122 91
129 246
169 689
263 434
66 28
539 36
582 487
523 425
404 537
628 108
275 811
785 145
753 121
90 221
346 788
186 8
104 191
156 91
611 317
69 134
622 170
155 471
95 138
750 335
223 627
215 520
63 616
672 455
456 752
318 302
125 6
124 240
486 341
590 671
51 74
564 712
519 575
630 444
687 747
183 165
363 409
270 396
242 436
309 20
420 504
307 207
262 668
56 735
185 264
228 185
244 352
320 379
236 286
23 30
478 300
311 407
82 410
565 717
272 128
103 506
475 403
745 786
292 305
73 23
